1981,20.7
1981,17.9
1981,18.8
1981,14.6
1981,15.8
1981,15.8
1981,15.8
1981,17.4
1981,21.8
1981,20.0
1981,16.2
1981,13.3
1981,16.7
1981,21.5
1981,25.0
1981,20.7
1981,20.6
1981,24.8
1981,17.7
1981,15.5
1981,18.2
1981,12.1
1981,14.4
1981,16.0
1981,16.5
1981,18.7
1981,19.4
1981,17.2
1981,15.5
1981,15.1
1981,15.4
1981,15.3
1981,18.8
1981,21.9
1981,19.9
1981,16.6
1981,16.8
1981,14.6
1981,17.1
1981,25.0
1981,15.0
1981,13.7
1981,13.9
1981,18.3
1981,22.0
1981,22.1
1981,21.2
1981,18.4
1981,16.6
1981,16.1
1981,15.7
1981,16.6
1981,16.5
1981,14.4
1981,14.4
1981,18.5
1981,16.9
1981,17.5
1981,21.2
1981,17.8
1981,18.6
1981,17.0
1981,16.0
1981,13.3
1981,14.3
1981,11.4
1981,16.3
1981,16.1
1981,11.8
1981,12.2
1981,14.7
1981,11.8
1981,11.3
1981,10.6
1981,11.7
1981,14.2
1981,11.2
1981,16.9
1981,16.7
1981,8.1
1981,8.0
1981,8.8
1981,13.4
1981,10.9
1981,13.4
1981,11.0
1981,15.0
1981,15.7
1981,14.5
1981,15.8
1981,16.7
1981,16.8
1981,17.5
1981,17.1
1981,18.1
1981,16.6
1981,10.0
1981,14.9
1981,15.9
1981,13.0
1981,7.6
1981,11.5
1981,13.5
1981,13.0
1981,13.3
1981,12.1
1981,12.4
1981,13.2
1981,13.8
1981,10.6
1981,9.0
1981,10.0
1981,9.8
1981,11.5
1981,8.9
1981,7.4
1981,9.9
1981,9.3
1981,9.9
1981,7.4
1981,8.6
1981,11.9
1981,14.0
1981,8.6
1981,10.0
1981,13.5
1981,12.0
1981,10.5
1981,10.7
1981,8.1
1981,10.1
1981,10.6
1981,5.3
1981,6.6
1981,8.5
1981,11.2
1981,9.8
1981,5.9
1981,3.2
1981,2.1
1981,3.4
1981,5.4
1981,9.6
1981,11.5
1981,12.3
1981,12.6
1981,11.0
1981,11.2
1981,11.4
1981,11.8
1981,12.8
1981,11.6
1981,10.6
1981,9.8
1981,11.2
1981,5.7
1981,7.1
1981,2.5
1981,3.5
1981,4.6
1981,11.0
1981,5.7
1981,7.7
1981,10.4
1981,11.4
1981,9.2
1981,6.1
1981,2.7
1981,4.3
1981,6.3
1981,3.8
1981,4.4
1981,7.1
1981,4.8
1981,5.8
1981,6.2
1981,7.3
1981,9.2
1981,10.2
1981,9.5
1981,9.5
1981,10.7
1981,10.0
1981,6.5
1981,7.0
1981,7.4
1981,8.1
1981,6.6
1981,8.3
1981,8.9
1981,4.6
1981,6.8
1981,5.7
1981,6.1
1981,7.0
1981,7.2
1981,6.3
1981,8.8
1981,5.0
1981,7.4
1981,10.1
1981,12.0
1981,9.0
1981,8.9
1981,9.8
1981,9.0
1981,9.2
1981,7.7
1981,8.0
1981,6.1
1981,3.5
1981,3.2
1981,5.7
1981,7.7
1981,9.0
1981,10.0
1981,6.2
1981,6.9
1981,6.5
1981,6.8
1981,7.0
1981,5.2
1981,3.0
1981,5.6
1981,7.9
1981,9.0
1981,8.6
1981,10.3
1981,10.5
1981,7.6
1981,9.7
1981,12.5
1981,7.4
1981,7.9
1981,3.9
1981,6.6
1981,4.6
1981,7.0
1981,6.0
1981,5.5
1981,8.1
1981,5.5
1981,6.2
1981,8.0
1981,10.3
1981,9.8
1981,9.6
1981,8.5
1981,7.5
1981,11.2
1981,14.6
1981,11.7
1981,7.8
1981,12.3
1981,10.1
1981,11.5
1981,7.3
1981,10.9
1981,14.1
1981,10.7
1981,16.9
1981,10.5
1981,6.5
1981,11.0
1981,6.3
1981,10.5
1981,7.2
1981,7.6
1981,10.7
1981,7.8
1981,9.6
1981,11.4
1981,12.4
1981,8.9
1981,13.2
1981,8.6
1981,6.2
1981,11.4
1981,13.2
1981,14.3
1981,7.3
1981,12.9
1981,7.8
1981,6.2
1981,5.6
1981,10.0
1981,13.3
1981,8.3
1981,10.2
1981,8.6
1981,7.3
1981,10.4
1981,11.2
1981,13.2
1981,11.4
1981,9.1
1981,6.6
1981,8.4
1981,9.7
1981,13.2
1981,12.5
1981,11.0
1981,11.0
1981,11.7
1981,9.2
1981,11.5
1981,13.6
1981,13.7
1981,10.4
1981,11.5
1981,7.6
1981,9.6
1981,14.2
1981,15.7
1981,10.5
1981,10.5
1981,9.7
1981,9.5
1981,11.3
1981,8.9
1981,9.4
1981,11.9
1981,11.7
1981,13.4
1981,12.6
1981,10.1
1981,15.8
1981,13.6
1981,11.9
1981,9.9
1981,12.6
1981,17.8
1981,15.0
1981,13.6
1981,13.4
1981,10.5
1981,14.2
1981,11.5
1981,13.0
1981,15.0
1981,14.7
1981,12.6
1981,12.5
1981,13.5
1981,14.8
1981,17.2
1981,9.7
1981,12.1
1981,12.8
1981,11.2
1981,16.4
1981,15.6
1981,13.3
1981,11.0
1981,11.1
1981,15.0
1981,12.8
1981,15.0
1981,14.2
1981,14.0
1981,15.5
1981,13.3
1981,15.6
1981,15.2
1981,17.4
1982,17.0
1982,15.0
1982,13.5
1982,15.2
1982,13.0
1982,12.5
1982,14.1
1982,14.8
1982,16.2
1982,15.8
1982,19.1
1982,22.2
1982,15.9
1982,13.0
1982,14.1
1982,15.8
1982,24.0
1982,18.0
1982,19.7
1982,25.2
1982,20.5
1982,19.3
1982,15.8
1982,17.0
1982,18.4
1982,13.3
1982,14.6
1982,12.5
1982,17.0
1982,17.1
1982,14.0
1982,14.6
1982,13.3
1982,14.8
1982,15.1
1982,13.1
1982,13.6
1982,19.5
1982,22.7
1982,17.2
1982,13.5
1982,15.4
1982,17.0
1982,19.2
1982,22.8
1982,26.3
1982,18.2
1982,17.0
1982,14.8
1982,12.8
1982,15.5
1982,15.6
1982,13.1
1982,15.2
1982,14.1
1982,12.5
1982,14.6
1982,10.4
1982,13.9
1982,11.9
1982,13.5
1982,9.8
1982,14.0
1982,21.5
1982,19.5
1982,16.7
1982,19.1
1982,11.0
1982,9.0
1982,10.0
1982,14.6
1982,12.5
1982,17.2
1982,19.2
1982,22.2
1982,15.7
1982,14.2
1982,9.8
1982,14.0
1982,17.5
1982,20.7
1982,15.6
1982,13.2
1982,14.5
1982,16.8
1982,17.2
1982,13.4
1982,14.2
1982,14.3
1982,10.2
1982,10.4
1982,12.3
1982,11.9
1982,11.2
1982,8.5
1982,12.0
1982,12.4
1982,12.9
1982,10.1
1982,15.0
1982,13.6
1982,12.4
1982,13.6
1982,16.1
1982,19.5
1982,14.2
1982,9.3
1982,10.1
1982,7.4
1982,8.6
1982,7.8
1982,9.1
1982,13.0
1982,16.5
1982,12.9
1982,6.9
1982,6.9
1982,8.7
1982,10.0
1982,10.8
1982,7.5
1982,6.3
1982,11.9
1982,13.8
1982,11.8
1982,11.0
1982,10.1
1982,8.5
1982,5.5
1982,7.6
1982,8.7
1982,10.8
1982,11.2
1982,9.1
1982,3.7
1982,4.6
1982,6.6
1982,13.2
1982,15.2
1982,7.6
1982,8.4
1982,6.0
1982,8.3
1982,8.6
1982,11.1
1982,12.1
1982,12.9
1982,14.0
1982,12.5
1982,11.5
1982,7.0
1982,7.1
1982,9.0
1982,3.1
1982,2.5
1982,0.0
1982,1.6
1982,2.6
1982,5.7
1982,2.3
1982,4.5
1982,8.2
1982,6.9
1982,7.3
1982,6.0
1982,7.3
1982,7.6
1982,8.0
1982,8.0
1982,6.8
1982,7.3
1982,6.2
1982,6.9
1982,8.9
1982,4.0
1982,1.3
1982,0.8
1982,4.3
1982,7.3
1982,7.7
1982,9.0
1982,4.2
1982,1.6
1982,2.6
1982,3.4
1982,3.9
1982,7.0
1982,7.8
1982,5.3
1982,2.4
1982,2.8
1982,4.0
1982,7.5
1982,7.8
1982,5.6
1982,3.3
1982,5.0
1982,3.7
1982,3.9
1982,5.2
1982,0.2
1982,0.8
1982,0.9
1982,3.5
1982,6.6
1982,9.5
1982,9.0
1982,3.5
1982,4.5
1982,5.7
1982,5.6
1982,7.1
1982,9.7
1982,8.3
1982,9.1
1982,2.8
1982,2.2
1982,4.5
1982,3.8
1982,3.8
1982,6.2
1982,11.5
1982,10.2
1982,7.9
1982,9.0
1982,9.5
1982,6.0
1982,8.2
1982,9.2
1982,4.3
1982,6.6
1982,9.4
1982,13.2
1982,6.6
1982,5.1
1982,12.1
1982,11.2
1982,8.5
1982,4.6
1982,7.0
1982,14.2
1982,12.7
1982,7.6
1982,4.0
1982,10.0
1982,10.5
1982,5.0
1982,4.5
1982,8.2
1982,4.3
1982,9.8
1982,5.8
1982,5.0
1982,8.5
1982,9.0
1982,3.6
1982,6.7
1982,6.7
1982,10.1
1982,15.0
1982,8.9
1982,5.7
1982,4.2
1982,4.0
1982,5.3
1982,6.3
1982,8.5
1982,11.5
1982,7.7
1982,9.2
1982,7.8
1982,6.3
1982,6.3
1982,8.6
1982,6.1
1982,13.2
1982,9.9
1982,4.7
1982,5.8
1982,14.9
1982,10.7
1982,8.6
1982,9.4
1982,5.7
1982,10.9
1982,13.1
1982,10.4
1982,8.2
1982,9.8
1982,7.5
1982,5.8
1982,9.8
1982,7.9
1982,8.7
1982,10.0
1982,10.6
1982,8.0
1982,10.2
1982,15.1
1982,13.9
1982,9.2
1982,9.0
1982,13.2
1982,7.0
1982,10.6
1982,6.9
1982,9.5
1982,12.5
1982,13.6
1982,17.7
1982,16.0
1982,11.3
1982,10.5
1982,14.4
1982,10.3
1982,9.0
1982,11.1
1982,14.5
1982,18.0
1982,12.8
1982,10.7
1982,9.1
1982,8.7
1982,12.4
1982,12.6
1982,10.3
1982,13.7
1982,16.0
1982,15.8
1982,12.1
1982,12.5
1982,12.2
1982,13.7
1982,16.1
1982,15.5
1982,10.3
1982,10.5
1982,11.0
1982,11.9
1982,13.0
1982,12.2
1982,10.6
1982,13.0
1982,13.0
1982,12.2
1982,12.6
1982,18.7
1982,15.2
1982,15.3
1982,13.9
1982,15.8
1982,13.0
1982,13.0
1982,13.7
1982,12.0
1982,10.8
1982,15.6
1982,15.3
1982,13.9
1982,13.0
1982,15.3
1982,16.3
1982,15.8
1982,17.7
1982,16.3
1983,18.4
1983,15.0
1983,10.9
1983,11.4
1983,14.8
1983,12.1
1983,12.8
1983,16.2
1983,15.5
1983,13.0
1983,10.5
1983,9.1
1983,10.5
1983,11.8
1983,12.7
1983,12.7
1983,11.5
1983,13.8
1983,13.3
1983,11.6
1983,15.4
1983,12.4
1983,16.9
1983,14.7
1983,10.6
1983,15.6
1983,10.7
1983,12.6
1983,13.8
1983,14.3
1983,14.0
1983,18.1
1983,17.3
1983,13.0
1983,16.0
1983,14.9
1983,16.2
1983,20.3
1983,22.5
1983,17.2
1983,15.9
1983,16.8
1983,13.8
1983,12.8
1983,14.0
1983,17.5
1983,21.5
1983,16.8
1983,13.6
1983,14.5
1983,14.2
1983,15.7
1983,19.7
1983,17.4
1983,14.4
1983,16.9
1983,19.1
1983,20.4
1983,20.1
1983,19.9
1983,22.0
1983,20.5
1983,22.1
1983,20.6
1983,15.0
1983,20.6
1983,21.5
1983,16.2
1983,14.1
1983,14.5
1983,21.1
1983,15.9
1983,15.2
1983,13.1
1983,13.2
1983,12.5
1983,15.2
1983,17.6
1983,15.5
1983,16.7
1983,16.3
1983,15.1
1983,12.7
1983,10.0
1983,11.4
1983,12.6
1983,10.7
1983,10.0
1983,13.9
1983,13.4
1983,12.5
1983,12.8
1983,7.8
1983,11.1
1983,10.7
1983,7.1
1983,6.7
1983,5.7
1983,9.1
1983,15.2
1983,15.5
1983,11.1
1983,11.7
1983,11.5
1983,9.8
1983,6.2
1983,6.7
1983,7.5
1983,8.8
1983,8.0
1983,10.4
1983,14.5
1983,16.5
1983,14.1
1983,10.5
1983,12.6
1983,13.0
1983,8.7
1983,10.1
1983,12.0
1983,12.5
1983,13.5
1983,13.7
1983,13.5
1983,10.7
1983,13.0
1983,11.6
1983,13.0
1983,11.2
1983,13.5
1983,12.9
1983,6.8
1983,10.0
1983,14.5
1983,11.7
1983,6.7
1983,4.6
1983,4.9
1983,7.4
1983,8.3
1983,7.5
1983,6.2
1983,7.8
1983,13.2
1983,11.9
1983,6.5
1983,8.3
1983,12.1
1983,9.3
1983,7.5
1983,9.3
1983,11.0
1983,10.8
1983,5.3
1983,7.6
1983,5.6
1983,7.2
1983,9.6
1983,7.0
1983,8.3
1983,7.8
1983,4.7
1983,6.8
1983,7.2
1983,8.3
1983,9.5
1983,4.7
1983,3.0
1983,1.5
1983,2.5
1983,6.2
1983,11.6
1983,6.6
1983,6.6
1983,8.0
1983,7.9
1983,3.3
1983,3.9
1983,6.0
1983,4.0
1983,5.5
1983,8.5
1983,9.8
1983,9.5
1983,7.2
1983,8.1
1983,8.0
1983,8.5
1983,8.8
1983,8.3
1983,2.4
1983,4.9
1983,5.9
1983,6.7
1983,8.4
1983,6.5
1983,7.9
1983,4.1
1983,5.4
1983,7.5
1983,3.9
1983,2.5
1983,5.3
1983,6.6
1983,0.0
1983,0.7
1983,7.6
1983,12.3
1983,9.2
1983,9.6
1983,9.5
1983,10.0
1983,7.7
1983,8.0
1983,8.3
1983,8.3
1983,4.5
1983,6.5
1983,9.4
1983,9.4
1983,10.5
1983,10.7
1983,9.9
1983,7.6
1983,5.8
1983,8.5
1983,13.8
1983,14.3
1983,8.3
1983,5.3
1983,3.0
1983,5.2
1983,10.3
1983,11.1
1983,10.5
1983,9.0
1983,13.0
1983,6.4
1983,8.4
1983,6.7
1983,8.3
1983,11.2
1983,10.0
1983,10.1
1983,10.6
1983,10.9
1983,5.7
1983,9.5
1983,10.4
1983,11.1
1983,12.2
1983,10.6
1983,8.8
1983,9.2
1983,5.5
1983,7.1
1983,6.5
1983,4.3
1983,5.0
1983,11.2
1983,7.5
1983,12.0
1983,13.6
1983,8.3
1983,8.5
1983,12.9
1983,7.7
1983,7.6
1983,3.5
1983,10.4
1983,15.4
1983,10.6
1983,9.6
1983,9.3
1983,13.9
1983,7.7
1983,9.5
1983,7.6
1983,6.9
1983,6.8
1983,5.8
1983,6.0
1983,8.3
1983,9.1
1983,12.5
1983,13.2
1983,16.2
1983,12.5
1983,11.8
1983,10.6
1983,10.0
1983,12.2
1983,8.9
1983,10.3
1983,7.5
1983,11.6
1983,12.6
1983,12.9
1983,11.7
1983,14.0
1983,12.3
1983,9.0
1983,9.2
1983,9.8
1983,11.8
1983,10.6
1983,12.6
1983,11.0
1983,8.2
1983,7.5
1983,13.6
1983,14.8
1983,10.9
1983,7.7
1983,10.2
1983,10.8
1983,10.8
1983,12.5
1983,13.2
1983,8.7
1983,5.7
1983,9.8
1983,7.3
1983,10.8
1983,10.0
1983,16.2
1983,15.0
1983,14.5
1983,15.9
1983,14.9
1983,14.2
1983,15.8
1983,17.2
1983,17.6
1983,12.1
1983,11.4
1983,13.0
1983,13.2
1983,12.0
1983,15.3
1983,12.7
1983,12.1
1983,13.8
1983,10.9
1983,12.0
1983,16.5
1983,15.0
1983,11.2
1983,13.9
1983,15.0
1983,14.8
1983,15.0
1983,13.3
1983,20.4
1983,18.0
1983,12.2
1983,16.7
1983,13.8
1983,17.5
1983,15.0
1983,13.9
1983,11.1
1983,16.1
1983,20.4
1983,18.0
1984,19.5
1984,17.1
1984,17.1
1984,12.0
1984,11.0
1984,16.3
1984,16.1
1984,13.0
1984,13.4
1984,15.2
1984,12.5
1984,14.3
1984,16.5
1984,18.6
1984,18.0
1984,18.2
1984,11.4
1984,11.9
1984,12.2
1984,14.8
1984,13.1
1984,12.7
1984,10.5
1984,13.8
1984,18.8
1984,13.9
1984,11.2
1984,10.6
1984,14.7
1984,13.1
1984,12.1
1984,14.7
1984,11.1
1984,13.0
1984,15.6
1984,14.2
1984,15.5
1984,18.0
1984,15.0
1984,15.9
1984,15.5
1984,15.8
1984,16.6
1984,13.6
1984,13.8
1984,14.6
1984,15.6
1984,16.6
1984,14.3
1984,16.3
1984,18.9
1984,18.7
1984,14.5
1984,16.5
1984,14.1
1984,13.5
1984,11.7
1984,15.1
1984,11.2
1984,13.5
1984,12.6
1984,8.8
1984,10.5
1984,12.1
1984,14.5
1984,19.5
1984,14.0
1984,13.8
1984,10.5
1984,13.8
1984,11.4
1984,15.6
1984,11.1
1984,12.1
1984,14.2
1984,10.9
1984,14.2
1984,13.8
1984,15.1
1984,14.0
1984,12.1
1984,13.8
1984,16.6
1984,17.8
1984,9.4
1984,10.2
1984,7.4
1984,8.7
1984,14.0
1984,15.3
1984,11.1
1984,9.7
1984,10.3
1984,9.2
1984,8.2
1984,9.7
1984,12.4
1984,12.5
1984,9.0
1984,9.7
1984,10.1
1984,11.2
1984,12.0
1984,11.1
1984,10.8
1984,12.8
1984,9.8
1984,13.7
1984,11.0
1984,13.2
1984,13.0
1984,10.2
1984,13.2
1984,9.3
1984,11.1
1984,10.3
1984,8.7
1984,11.7
1984,12.5
1984,6.5
1984,9.6
1984,13.8
1984,14.7
1984,9.1
1984,4.8
1984,3.3
1984,3.5
1984,5.7
1984,5.5
1984,7.0
1984,9.5
1984,9.9
1984,4.9
1984,6.3
1984,4.8
1984,6.2
1984,7.1
1984,7.5
1984,9.4
1984,8.7
1984,9.5
1984,12.1
1984,9.5
1984,9.3
1984,8.5
1984,8.0
1984,9.8
1984,6.2
1984,7.3
1984,10.9
1984,10.0
1984,8.7
1984,9.0
1984,10.8
1984,12.4
1984,7.2
1984,7.2
1984,11.1
1984,9.3
1984,10.1
1984,3.9
1984,5.0
1984,8.2
1984,2.8
1984,4.3
1984,8.1
1984,11.1
1984,4.7
1984,5.3
1984,10.0
1984,5.6
1984,2.2
1984,7.1
1984,8.3
1984,8.6
1984,10.1
1984,8.3
1984,7.2
1984,7.7
1984,7.8
1984,9.1
1984,9.4
1984,7.8
1984,2.6
1984,2.4
1984,3.9
1984,1.3
1984,2.1
1984,7.4
1984,7.2
1984,8.8
1984,8.9
1984,8.8
1984,8.0
1984,0.7
1984,0.1
1984,0.9
1984,7.8
1984,7.2
1984,8.0
1984,4.6
1984,5.2
1984,5.8
1984,6.8
1984,8.1
1984,7.5
1984,5.4
1984,4.6
1984,6.4
1984,9.7
1984,7.0
1984,10.0
1984,10.6
1984,11.5
1984,10.2
1984,11.1
1984,11.0
1984,8.9
1984,9.9
1984,11.7
1984,11.6
1984,9.0
1984,6.3
1984,8.7
1984,8.5
1984,8.5
1984,8.0
1984,6.0
1984,8.0
1984,8.5
1984,7.7
1984,8.4
1984,9.0
1984,8.3
1984,6.8
1984,9.3
1984,6.7
1984,9.0
1984,7.3
1984,6.3
1984,7.9
1984,5.2
1984,9.0
1984,11.3
1984,9.2
1984,11.3
1984,7.0
1984,8.0
1984,4.6
1984,8.5
1984,9.5
1984,9.4
1984,10.5
1984,9.7
1984,4.9
1984,8.0
1984,5.8
1984,5.5
1984,10.9
1984,11.7
1984,9.2
1984,8.9
1984,11.3
1984,8.6
1984,6.2
1984,6.6
1984,9.1
1984,6.1
1984,7.5
1984,10.7
1984,6.3
1984,5.5
1984,6.7
1984,4.2
1984,11.3
1984,16.3
1984,10.5
1984,10.3
1984,7.9
1984,7.7
1984,16.0
1984,14.6
1984,12.5
1984,8.1
1984,12.2
1984,17.2
1984,9.4
1984,8.7
1984,5.9
1984,4.8
1984,7.4
1984,9.4
1984,9.7
1984,9.9
1984,6.5
1984,9.8
1984,18.2
1984,11.3
1984,9.1
1984,9.6
1984,13.5
1984,10.7
1984,10.0
1984,8.5
1984,12.6
1984,16.6
1984,11.6
1984,12.2
1984,11.2
1984,9.2
1984,9.9
1984,11.9
1984,15.6
1984,19.0
1984,12.8
1984,12.2
1984,12.0
1984,11.1
1984,11.8
1984,7.6
1984,13.0
1984,12.7
1984,16.0
1984,14.8
1984,14.2
1984,10.0
1984,8.8
1984,11.6
1984,8.6
1984,14.6
1984,24.3
1984,11.6
1984,10.8
1984,12.0
1984,11.0
1984,12.6
1984,10.8
1984,9.1
1984,11.0
1984,13.0
1984,12.8
1984,9.9
1984,11.6
1984,10.5
1984,15.9
1984,12.2
1984,13.0
1984,12.5
1984,12.5
1984,11.4
1984,12.1
1984,16.8
1984,12.1
1984,11.3
1984,10.4
1984,14.2
1984,11.4
1984,13.7
1984,16.5
1984,12.8
1984,12.2
1984,12.0
1984,12.6
1984,16.0
1984,16.4
1985,13.3
1985,15.2
1985,13.1
1985,12.7
1985,14.6
1985,11.0
1985,13.2
1985,12.2
1985,14.4
1985,13.7
1985,14.5
1985,14.1
1985,14.4
1985,19.7
1985,16.5
1985,15.9
1985,11.8
1985,12.0
1985,11.4
1985,14.4
1985,12.4
1985,15.1
1985,15.6
1985,15.2
1985,12.8
1985,13.3
1985,17.5
1985,15.4
1985,13.5
1985,16.7
1985,15.2
1985,14.9
1985,10.2
1985,13.6
1985,19.0
1985,15.7
1985,18.0
1985,14.8
1985,13.9
1985,13.0
1985,15.3
1985,14.3
1985,15.6
1985,16.0
1985,14.9
1985,11.1
1985,14.8
1985,13.0
1985,12.2
1985,10.9
1985,14.6
1985,16.6
1985,18.1
1985,13.4
1985,10.3
1985,13.6
1985,13.8
1985,10.3
1985,11.0
1985,14.3
1985,15.5
1985,14.7
1985,12.7
1985,10.7
1985,12.6
1985,9.8
1985,13.2
1985,15.2
1985,16.6
1985,21.0
1985,22.4
1985,17.0
1985,21.7
1985,21.4
1985,18.6
1985,16.2
1985,16.8
1985,17.0
1985,18.4
1985,17.2
1985,18.4
1985,18.8
1985,16.5
1985,13.3
1985,12.2
1985,11.3
1985,13.8
1985,16.6
1985,14.0
1985,14.3
1985,16.4
1985,11.9
1985,15.7
1985,17.6
1985,17.5
1985,15.9
1985,16.2
1985,16.0
1985,15.9
1985,16.2
1985,16.2
1985,19.5
1985,18.2
1985,21.8
1985,15.1
1985,11.0
1985,8.1
1985,9.5
1985,9.3
1985,10.6
1985,6.3
1985,8.6
1985,6.8
1985,8.7
1985,8.4
1985,9.3
1985,10.0
1985,10.5
1985,12.0
1985,10.1
1985,9.4
1985,10.1
1985,8.0
1985,10.6
1985,13.6
1985,15.4
1985,9.0
1985,10.4
1985,11.0
1985,12.1
1985,13.4
1985,11.3
1985,6.7
1985,9.8
1985,10.8
1985,7.8
1985,4.5
1985,7.6
1985,6.9
1985,7.5
1985,8.5
1985,5.5
1985,9.5
1985,7.3
1985,5.4
1985,5.5
1985,8.1
1985,11.2
1985,13.4
1985,11.6
1985,10.1
1985,4.3
1985,5.5
1985,4.4
1985,5.9
1985,5.7
1985,8.2
1985,8.2
1985,4.2
1985,6.5
1985,10.0
1985,8.8
1985,6.6
1985,7.8
1985,10.1
1985,7.1
1985,7.7
1985,8.5
1985,7.3
1985,6.9
1985,8.4
1985,7.1
1985,6.3
1985,0.6
1985,1.6
1985,7.0
1985,8.3
1985,8.0
1985,10.2
1985,10.6
1985,10.4
1985,11.6
1985,11.0
1985,10.7
1985,7.3
1985,4.2
1985,4.7
1985,5.6
1985,7.7
1985,7.5
1985,4.9
1985,5.9
1985,7.8
1985,5.8
1985,7.0
1985,8.4
1985,6.2
1985,7.5
1985,4.8
1985,3.3
1985,3.2
1985,7.0
1985,8.4
1985,0.3
1985,0.3
1985,2.1
1985,8.5
1985,1.4
1985,4.1
1985,10.3
1985,6.6
1985,6.1
1985,7.0
1985,5.1
1985,6.3
1985,6.9
1985,11.4
1985,10.4
1985,10.3
1985,9.2
1985,7.2
1985,7.5
1985,4.0
1985,5.6
1985,6.7
1985,8.4
1985,11.0
1985,8.4
1985,8.8
1985,8.6
1985,8.3
1985,4.0
1985,3.6
1985,5.7
1985,10.6
1985,6.9
1985,10.0
1985,9.8
1985,7.2
1985,10.5
1985,3.6
1985,5.3
1985,8.4
1985,10.3
1985,7.9
1985,8.5
1985,7.9
1985,8.0
1985,9.8
1985,6.7
1985,4.8
1985,9.9
1985,12.8
1985,10.9
1985,11.7
1985,11.7
1985,11.0
1985,8.2
1985,7.5
1985,5.4
1985,7.2
1985,9.7
1985,8.4
1985,9.0
1985,8.7
1985,6.6
1985,11.6
1985,13.1
1985,6.7
1985,6.5
1985,7.7
1985,8.7
1985,7.2
1985,10.5
1985,8.6
1985,7.2
1985,11.4
1985,16.2
1985,6.1
1985,9.6
1985,11.1
1985,13.6
1985,10.7
1985,14.7
1985,11.6
1985,7.3
1985,8.0
1985,9.6
1985,16.0
1985,15.1
1985,12.8
1985,6.2
1985,7.1
1985,8.4
1985,10.0
1985,12.7
1985,10.0
1985,10.2
1985,6.5
1985,9.2
1985,11.9
1985,14.7
1985,11.4
1985,6.8
1985,7.4
1985,11.2
1985,9.2
1985,12.6
1985,16.0
1985,17.1
1985,15.3
1985,13.3
1985,15.4
1985,13.2
1985,14.4
1985,14.0
1985,15.5
1985,21.0
1985,10.0
1985,9.6
1985,12.0
1985,12.2
1985,11.3
1985,13.2
1985,10.5
1985,10.1
1985,8.8
1985,13.7
1985,16.2
1985,16.0
1985,14.0
1985,13.7
1985,12.5
1985,12.8
1985,12.3
1985,15.2
1985,15.0
1985,16.4
1985,16.1
1985,14.6
1985,18.2
1985,16.4
1985,16.6
1985,14.7
1985,15.8
1985,14.1
1985,13.5
1985,13.6
1985,13.7
1985,13.6
1985,12.1
1985,12.7
1985,13.3
1985,14.2
1985,15.0
1985,13.7
1985,12.0
1985,13.1
1985,13.2
1985,13.3
1985,11.5
1985,10.8
1985,12.0
1985,16.3
1985,14.4
1986,12.9
1986,13.8
1986,10.6
1986,12.6
1986,13.7
1986,12.6
1986,13.1
1986,15.4
1986,11.9
1986,13.8
1986,14.4
1986,15.2
1986,12.5
1986,12.2
1986,16.1
1986,14.6
1986,11.6
1986,13.1
1986,12.8
1986,15.2
1986,13.8
1986,15.0
1986,13.5
1986,11.8
1986,15.3
1986,13.5
1986,15.3
1986,13.8
1986,15.8
1986,17.4
1986,15.3
1986,14.6
1986,14.8
1986,10.7
1986,11.6
1986,13.6
1986,14.4
1986,11.8
1986,15.8
1986,16.0
1986,11.8
1986,14.5
1986,10.7
1986,14.2
1986,19.5
1986,21.4
1986,17.9
1986,17.4
1986,12.7
1986,13.8
1986,14.0
1986,15.0
1986,14.5
1986,13.1
1986,11.4
1986,12.5
1986,12.0
1986,13.4
1986,14.4
1986,17.7
1986,13.9
1986,13.3
1986,14.6
1986,16.4
1986,16.8
1986,20.0
1986,12.5
1986,12.7
1986,11.7
1986,12.7
1986,8.6
1986,11.9
1986,16.0
1986,15.2
1986,13.4
1986,11.6
1986,11.1
1986,15.6
1986,17.0
1986,18.5
1986,17.4
1986,16.5
1986,16.2
1986,16.1
1986,13.2
1986,18.0
1986,12.8
1986,11.7
1986,16.7
1986,15.6
1986,10.2
1986,10.3
1986,15.0
1986,18.0
1986,13.8
1986,10.5
1986,11.8
1986,7.2
1986,11.6
1986,7.4
1986,14.2
1986,12.2
1986,9.0
1986,12.3
1986,19.7
1986,12.8
1986,12.4
1986,12.0
1986,12.0
1986,11.1
1986,12.7
1986,14.2
1986,11.6
1986,12.0
1986,11.5
1986,8.3
1986,10.5
1986,9.0
1986,6.9
1986,9.4
1986,11.1
1986,9.1
1986,7.7
1986,10.0
1986,10.4
1986,8.0
1986,9.8
1986,12.4
1986,12.9
1986,12.3
1986,6.9
1986,10.5
1986,11.0
1986,9.7
1986,11.1
1986,11.5
1986,13.4
1986,10.9
1986,12.0
1986,12.1
1986,10.4
1986,10.0
1986,9.6
1986,11.3
1986,8.5
1986,6.3
1986,8.2
1986,10.7
1986,10.3
1986,9.5
1986,10.9
1986,10.9
1986,4.3
1986,5.2
1986,11.0
1986,11.6
1986,10.6
1986,9.4
1986,10.0
1986,9.6
1986,9.5
1986,9.7
1986,9.6
1986,7.0
1986,7.0
1986,6.8
1986,6.9
1986,8.0
1986,7.6
1986,8.6
1986,5.7
1986,5.5
1986,5.7
1986,5.7
1986,6.6
1986,6.0
1986,6.9
1986,7.7
1986,8.0
1986,3.9
1986,0.8
1986,2.8
1986,8.0
1986,9.8
1986,11.4
1986,8.6
1986,5.2
1986,6.6
1986,5.7
1986,4.6
1986,5.8
1986,7.0
1986,4.8
1986,4.4
1986,4.4
1986,7.9
1986,10.6
1986,5.0
1986,7.6
1986,9.2
1986,9.7
1986,8.8
1986,6.8
1986,9.4
1986,11.0
1986,2.5
1986,2.1
1986,5.4
1986,6.2
1986,7.8
1986,7.4
1986,9.3
1986,9.3
1986,9.5
1986,8.5
1986,10.0
1986,7.7
1986,9.3
1986,9.1
1986,3.5
1986,3.6
1986,2.5
1986,1.7
1986,2.7
1986,2.9
1986,5.3
1986,7.7
1986,9.1
1986,9.4
1986,7.3
1986,8.4
1986,9.2
1986,6.6
1986,9.7
1986,12.4
1986,10.2
1986,5.9
1986,7.1
1986,7.5
1986,9.7
1986,12.2
1986,5.6
1986,5.4
1986,8.3
1986,10.6
1986,9.1
1986,11.3
1986,10.9
1986,8.9
1986,6.3
1986,9.0
1986,6.1
1986,9.1
1986,9.6
1986,6.0
1986,10.0
1986,11.0
1986,6.2
1986,8.3
1986,11.3
1986,11.3
1986,6.7
1986,6.6
1986,11.4
1986,6.9
1986,10.6
1986,8.6
1986,11.3
1986,12.5
1986,9.9
1986,6.9
1986,5.5
1986,7.8
1986,11.0
1986,16.2
1986,9.9
1986,8.7
1986,10.5
1986,12.2
1986,10.6
1986,8.3
1986,5.5
1986,9.0
1986,6.4
1986,7.2
1986,12.9
1986,12.0
1986,7.3
1986,9.7
1986,8.4
1986,14.7
1986,9.5
1986,7.9
1986,6.8
1986,12.6
1986,5.2
1986,7.5
1986,8.7
1986,7.6
1986,9.0
1986,7.2
1986,10.7
1986,13.1
1986,13.9
1986,10.8
1986,10.4
1986,9.1
1986,16.0
1986,21.0
1986,16.2
1986,8.6
1986,9.2
1986,12.5
1986,9.7
1986,12.5
1986,10.3
1986,12.0
1986,11.0
1986,14.8
1986,15.0
1986,15.3
1986,10.3
1986,10.7
1986,10.5
1986,8.9
1986,8.1
1986,11.5
1986,12.8
1986,9.1
1986,14.6
1986,11.6
1986,11.2
1986,12.6
1986,7.5
1986,11.0
1986,14.5
1986,18.5
1986,15.4
1986,13.1
1986,16.3
1986,20.2
1986,11.5
1986,12.4
1986,10.9
1986,12.7
1986,12.2
1986,12.4
1986,9.8
1986,8.5
1986,14.7
1986,12.0
1986,10.3
1986,11.0
1986,10.2
1986,12.6
1986,11.6
1986,9.7
1986,13.4
1986,10.5
1986,14.7
1986,14.6
1986,14.2
1986,13.2
1986,11.7
1986,17.2
1987,12.3
1987,13.8
1987,15.3
1987,15.6
1987,16.2
1987,16.3
1987,16.8
1987,11.0
1987,8.5
1987,13.2
1987,13.0
1987,12.4
1987,13.0
1987,16.6
1987,12.0
1987,12.4
1987,15.0
1987,11.8
1987,11.6
1987,12.2
1987,13.7
1987,11.2
1987,12.4
1987,11.5
1987,13.8
1987,15.7
1987,12.9
1987,11.5
1987,11.0
1987,12.7
1987,14.9
1987,16.5
1987,12.8
1987,12.7
1987,12.7
1987,11.6
1987,13.3
1987,15.2
1987,16.4
1987,11.9
1987,15.1
1987,10.6
1987,13.6
1987,12.1
1987,16.0
1987,16.8
1987,16.6
1987,15.6
1987,15.2
1987,17.7
1987,21.0
1987,13.4
1987,10.5
1987,9.5
1987,12.0
1987,10.4
1987,11.5
1987,13.2
1987,15.0
1987,14.1
1987,12.4
1987,13.4
1987,12.5
1987,14.3
1987,17.6
1987,10.4
1987,9.9
1987,10.2
1987,11.3
1987,9.5
1987,11.8
1987,11.5
1987,10.5
1987,10.8
1987,13.0
1987,18.5
1987,18.7
1987,15.0
1987,13.0
1987,11.3
1987,13.0
1987,13.3
1987,11.0
1987,10.3
1987,13.0
1987,12.3
1987,15.6
1987,10.2
1987,10.8
1987,12.0
1987,13.3
1987,11.7
1987,12.5
1987,13.7
1987,14.9
1987,20.2
1987,16.3
1987,13.9
1987,10.1
1987,7.3
1987,14.0
1987,17.7
1987,16.3
1987,10.6
1987,9.7
1987,7.8
1987,10.4
1987,10.4
1987,14.1
1987,7.1
1987,8.1
1987,7.8
1987,10.6
1987,9.1
1987,9.0
1987,11.9
1987,17.1
1987,16.8
1987,13.5
1987,11.6
1987,7.0
1987,9.7
1987,9.9
1987,11.2
1987,11.3
1987,11.8
1987,9.9
1987,7.1
1987,9.6
1987,9.8
1987,10.6
1987,12.8
1987,16.5
1987,11.7
1987,12.3
1987,12.2
1987,11.8
1987,10.7
1987,10.2
1987,10.0
1987,8.3
1987,6.6
1987,9.5
1987,12.3
1987,7.6
1987,9.3
1987,5.0
1987,4.3
1987,6.4
1987,10.8
1987,7.8
1987,8.5
1987,9.7
1987,10.0
1987,11.0
1987,10.2
1987,6.6
1987,6.1
1987,5.9
1987,8.9
1987,13.0
1987,12.6
1987,5.4
1987,6.0
1987,7.8
1987,9.0
1987,4.2
1987,3.0
1987,4.5
1987,6.2
1987,11.9
1987,11.8
1987,9.4
1987,9.6
1987,9.4
1987,7.0
1987,8.9
1987,9.3
1987,6.8
1987,7.5
1987,8.0
1987,8.3
1987,2.7
1987,3.9
1987,4.1
1987,5.0
1987,5.8
1987,4.4
1987,4.1
1987,5.8
1987,9.1
1987,7.9
1987,5.0
1987,2.8
1987,4.7
1987,8.9
1987,5.4
1987,7.1
1987,9.0
1987,9.4
1987,6.3
1987,7.0
1987,6.4
1987,6.7
1987,1.5
1987,2.9
1987,4.8
1987,6.3
1987,5.7
1987,7.0
1987,8.8
1987,8.7
1987,9.0
1987,9.6
1987,8.0
1987,8.4
1987,8.1
1987,9.0
1987,5.3
1987,8.9
1987,8.7
1987,4.9
1987,7.0
1987,7.5
1987,7.0
1987,9.1
1987,11.8
1987,9.9
1987,5.6
1987,4.2
1987,4.3
1987,8.0
1987,5.1
1987,9.4
1987,9.1
1987,9.7
1987,10.6
1987,8.6
1987,10.1
1987,11.0
1987,9.7
1987,5.0
1987,6.1
1987,5.4
1987,5.8
1987,7.3
1987,6.3
1987,4.8
1987,7.6
1987,8.1
1987,9.5
1987,10.3
1987,7.0
1987,9.0
1987,10.2
1987,6.8
1987,9.3
1987,9.8
1987,10.7
1987,7.8
1987,9.2
1987,15.0
1987,7.8
1987,5.3
1987,9.5
1987,7.6
1987,14.0
1987,14.9
1987,14.9
1987,19.2
1987,17.0
1987,13.0
1987,11.2
1987,9.5
1987,10.3
1987,9.3
1987,11.3
1987,6.5
1987,12.0
1987,8.3
1987,8.7
1987,8.7
1987,10.2
1987,6.9
1987,4.9
1987,10.0
1987,7.6
1987,14.5
1987,13.2
1987,9.9
1987,10.1
1987,11.3
1987,10.4
1987,10.9
1987,9.2
1987,10.5
1987,11.4
1987,13.5
1987,9.8
1987,13.1
1987,9.7
1987,11.4
1987,9.9
1987,14.4
1987,19.0
1987,23.0
1987,15.4
1987,9.6
1987,10.8
1987,12.1
1987,11.0
1987,12.6
1987,14.7
1987,11.1
1987,10.1
1987,11.4
1987,13.0
1987,11.9
1987,9.5
1987,13.5
1987,15.2
1987,18.4
1987,24.1
1987,14.1
1987,10.7
1987,8.7
1987,13.3
1987,11.6
1987,9.9
1987,10.8
1987,11.5
1987,10.0
1987,13.9
1987,13.6
1987,11.9
1987,11.1
1987,8.2
1987,9.4
1987,12.7
1987,11.6
1987,11.0
1987,11.3
1987,13.4
1987,14.9
1987,15.2
1987,13.9
1987,15.0
1987,16.2
1987,17.7
1987,20.5
1987,14.7
1987,12.5
1987,10.9
1987,12.8
1987,12.7
1987,11.2
1987,11.4
1987,11.2
1987,12.1
1987,12.7
1987,16.2
1987,14.2
1987,14.3
1987,13.3
1987,16.7
1988,15.3
1988,14.3
1988,13.5
1988,15.0
1988,13.6
1988,15.2
1988,17.0
1988,18.7
1988,16.5
1988,17.4
1988,18.3
1988,18.3
1988,22.4
1988,21.4
1988,20.9
1988,17.6
1988,15.5
1988,16.6
1988,16.2
1988,15.6
1988,14.5
1988,14.0
1988,15.6
1988,12.3
1988,11.6
1988,12.6
1988,14.9
1988,17.3
1988,21.4
1988,23.4
1988,14.4
1988,14.1
1988,15.0
1988,14.5
1988,15.1
1988,13.9
1988,13.4
1988,9.2
1988,12.5
1988,15.1
1988,12.1
1988,14.5
1988,16.3
1988,16.5
1988,14.9
1988,13.2
1988,11.8
1988,13.6
1988,16.2
1988,14.1
1988,13.5
1988,15.0
1988,14.8
1988,16.2
1988,16.2
1988,13.3
1988,15.3
1988,18.4
1988,16.2
1988,16.3
1988,12.4
1988,15.6
1988,14.9
1988,14.8
1988,12.7
1988,14.2
1988,16.8
1988,16.7
1988,16.2
1988,14.5
1988,10.0
1988,12.6
1988,11.9
1988,11.8
1988,13.4
1988,14.5
1988,15.7
1988,15.3
1988,13.9
1988,13.7
1988,15.1
1988,15.6
1988,14.4
1988,13.9
1988,16.2
1988,16.7
1988,15.5
1988,16.4
1988,17.5
1988,18.2
1988,16.1
1988,16.5
1988,14.6
1988,16.4
1988,13.6
1988,15.9
1988,11.9
1988,14.7
1988,9.4
1988,6.6
1988,7.9
1988,11.0
1988,15.7
1988,15.2
1988,15.9
1988,10.6
1988,8.3
1988,8.6
1988,12.7
1988,10.5
1988,12.0
1988,11.1
1988,13.0
1988,12.4
1988,13.3
1988,15.9
1988,12.0
1988,13.7
1988,17.6
1988,14.3
1988,13.7
1988,15.2
1988,14.5
1988,14.9
1988,15.5
1988,16.4
1988,14.5
1988,12.6
1988,13.6
1988,11.2
1988,11.0
1988,12.0
1988,6.8
1988,10.6
1988,13.1
1988,13.5
1988,11.7
1988,13.2
1988,12.0
1988,10.4
1988,10.0
1988,8.2
1988,9.4
1988,10.3
1988,8.1
1988,8.7
1988,12.6
1988,10.9
1988,8.7
1988,9.3
1988,6.3
1988,7.8
1988,10.0
1988,11.0
1988,11.1
1988,12.6
1988,10.2
1988,11.1
1988,8.7
1988,9.5
1988,9.7
1988,8.2
1988,5.0
1988,6.5
1988,12.1
1988,8.9
1988,6.1
1988,2.8
1988,3.7
1988,6.8
1988,6.6
1988,7.0
1988,7.3
1988,7.9
1988,10.6
1988,8.1
1988,6.7
1988,8.0
1988,10.0
1988,6.7
1988,9.4
1988,9.3
1988,6.0
1988,5.8
1988,4.9
1988,5.0
1988,8.4
1988,12.3
1988,13.0
1988,11.4
1988,6.8
1988,7.6
1988,12.4
1988,7.1
1988,7.5
1988,10.0
1988,5.3
1988,6.3
1988,8.0
1988,8.3
1988,9.3
1988,9.5
1988,5.6
1988,7.0
1988,8.5
1988,8.5
1988,8.2
1988,8.5
1988,9.6
1988,9.7
1988,7.1
1988,8.4
1988,9.2
1988,9.8
1988,8.1
1988,9.4
1988,10.0
1988,5.1
1988,6.7
1988,6.9
1988,6.8
1988,8.6
1988,9.1
1988,3.9
1988,4.8
1988,8.4
1988,11.6
1988,12.1
1988,12.4
1988,10.0
1988,10.1
1988,9.7
1988,11.7
1988,7.9
1988,8.6
1988,7.7
1988,5.8
1988,8.7
1988,10.6
1988,6.7
1988,8.8
1988,9.7
1988,9.0
1988,11.8
1988,15.2
1988,10.0
1988,10.5
1988,5.5
1988,9.4
1988,8.8
1988,5.3
1988,13.0
1988,15.2
1988,13.2
1988,11.5
1988,6.8
1988,4.7
1988,5.2
1988,6.8
1988,10.7
1988,10.1
1988,10.0
1988,9.8
1988,5.5
1988,13.5
1988,16.6
1988,8.4
1988,8.2
1988,11.1
1988,10.8
1988,8.8
1988,10.8
1988,8.7
1988,12.4
1988,9.0
1988,13.5
1988,14.7
1988,10.9
1988,8.5
1988,6.0
1988,12.7
1988,11.1
1988,8.7
1988,12.3
1988,13.3
1988,5.6
1988,13.7
1988,8.5
1988,11.2
1988,8.7
1988,11.7
1988,12.5
1988,8.2
1988,15.6
1988,10.3
1988,11.4
1988,9.7
1988,6.3
1988,14.3
1988,11.3
1988,7.3
1988,12.8
1988,11.9
1988,14.3
1988,11.6
1988,13.2
1988,15.5
1988,14.1
1988,9.5
1988,7.2
1988,11.8
1988,16.8
1988,12.5
1988,9.4
1988,11.9
1988,10.3
1988,16.9
1988,17.5
1988,7.5
1988,8.6
1988,11.1
1988,11.5
1988,10.7
1988,15.7
1988,12.8
1988,13.0
1988,12.9
1988,14.3
1988,13.7
1988,12.1
1988,11.9
1988,11.8
1988,11.4
1988,10.3
1988,11.7
1988,12.0
1988,17.4
1988,16.8
1988,16.2
1988,13.0
1988,12.5
1988,12.4
1988,16.1
1988,20.2
1988,14.3
1988,11.0
1988,14.4
1988,15.7
1988,19.7
1988,20.7
1988,23.9
1988,16.6
1988,17.5
1988,14.9
1988,13.6
1988,11.9
1988,15.2
1988,17.3
1988,19.8
1988,15.8
1988,9.5
1988,12.9
1988,12.9
1988,14.8
1988,14.1
1989,14.3
1989,17.4
1989,18.5
1989,16.8
1989,11.5
1989,9.5
1989,12.2
1989,15.7
1989,16.3
1989,13.6
1989,12.6
1989,13.8
1989,12.1
1989,13.4
1989,17.3
1989,19.4
1989,16.6
1989,13.9
1989,13.1
1989,16.0
1989,14.5
1989,15.0
1989,12.6
1989,12.5
1989,15.2
1989,16.2
1989,16.5
1989,20.1
1989,20.6
1989,16.9
1989,16.5
1989,16.1
1989,14.4
1989,16.3
1989,15.7
1989,14.2
1989,13.2
1989,16.8
1989,18.5
1989,16.7
1989,15.3
1989,15.9
1989,15.2
1989,17.5
1989,18.3
1989,19.4
1989,19.4
1989,19.5
1989,20.5
1989,15.7
1989,15.0
1989,16.1
1989,14.3
1989,13.0
1989,16.2
1989,17.7
1989,13.2
1989,15.8
1989,18.5
1989,20.4
1989,22.0
1989,19.7
1989,19.6
1989,20.3
1989,18.3
1989,18.9
1989,20.3
1989,21.4
1989,18.3
1989,17.8
1989,17.7
1989,12.8
1989,15.1
1989,15.0
1989,14.8
1989,12.0
1989,12.5
1989,15.0
1989,17.1
1989,17.3
1989,16.9
1989,16.5
1989,13.6
1989,13.2
1989,9.4
1989,9.5
1989,11.8
1989,10.4
1989,9.7
1989,12.6
1989,13.3
1989,15.1
1989,14.2
1989,14.2
1989,19.2
1989,12.6
1989,14.2
1989,11.9
1989,13.9
1989,13.5
1989,15.3
1989,13.9
1989,14.0
1989,12.9
1989,8.5
1989,11.4
1989,10.9
1989,12.0
1989,8.6
1989,9.0
1989,9.6
1989,10.2
1989,9.8
1989,8.3
1989,11.0
1989,11.9
1989,14.0
1989,15.8
1989,14.5
1989,13.2
1989,14.2
1989,14.6
1989,11.8
1989,14.4
1989,10.4
1989,10.3
1989,10.8
1989,10.5
1989,9.5
1989,12.5
1989,13.7
1989,12.7
1989,11.9
1989,11.4
1989,9.7
1989,8.3
1989,8.1
1989,11.7
1989,11.6
1989,7.4
1989,5.2
1989,11.0
1989,9.5
1989,9.2
1989,10.7
1989,9.0
1989,10.2
1989,10.3
1989,12.1
1989,13.2
1989,6.6
1989,2.3
1989,1.4
1989,2.1
1989,6.6
1989,8.9
1989,7.8
1989,9.0
1989,10.3
1989,7.9
1989,7.2
1989,8.6
1989,8.8
1989,6.2
1989,9.5
1989,10.2
1989,9.7
1989,11.2
1989,10.2
1989,10.1
1989,8.1
1989,6.6
1989,5.0
1989,4.7
1989,5.3
1989,4.5
1989,2.3
1989,1.4
1989,0.5
1989,2.4
1989,8.0
1989,6.0
1989,7.1
1989,9.7
1989,6.9
1989,5.3
1989,7.0
1989,6.2
1989,7.0
1989,9.7
1989,8.0
1989,8.5
1989,7.1
1989,7.5
1989,3.3
1989,1.8
1989,2.6
1989,5.3
1989,5.8
1989,5.8
1989,7.2
1989,5.3
1989,1.6
1989,3.1
1989,5.3
1989,7.7
1989,4.2
1989,5.5
1989,9.0
1989,11.2
1989,8.0
1989,7.6
1989,3.7
1989,7.5
1989,8.1
1989,8.4
1989,7.1
1989,7.6
1989,7.6
1989,5.6
1989,7.0
1989,10.5
1989,7.3
1989,7.8
1989,5.8
1989,3.8
1989,5.8
1989,6.7
1989,6.6
1989,6.6
1989,9.0
1989,8.1
1989,5.1
1989,8.6
1989,7.0
1989,5.5
1989,7.4
1989,6.2
1989,4.2
1989,6.3
1989,7.0
1989,4.0
1989,8.0
1989,8.8
1989,8.8
1989,6.1
1989,8.6
1989,8.9
1989,7.8
1989,5.0
1989,7.0
1989,13.3
1989,7.9
1989,7.5
1989,8.3
1989,7.2
1989,6.5
1989,8.9
1989,7.4
1989,9.9
1989,9.3
1989,10.6
1989,8.6
1989,7.2
1989,12.6
1989,7.8
1989,6.3
1989,9.2
1989,5.8
1989,9.0
1989,5.0
1989,11.9
1989,13.4
1989,10.5
1989,6.2
1989,5.1
1989,9.5
1989,11.7
1989,9.2
1989,7.3
1989,9.7
1989,9.4
1989,10.0
1989,10.9
1989,11.0
1989,10.9
1989,8.0
1989,11.2
1989,7.5
1989,7.2
1989,13.2
1989,12.9
1989,9.4
1989,10.2
1989,9.5
1989,12.4
1989,10.2
1989,13.4
1989,11.6
1989,8.0
1989,9.0
1989,9.3
1989,13.5
1989,8.0
1989,8.1
1989,10.0
1989,8.5
1989,12.5
1989,15.0
1989,13.3
1989,11.0
1989,11.9
1989,8.3
1989,9.7
1989,11.3
1989,12.5
1989,9.4
1989,11.4
1989,13.2
1989,13.8
1989,16.0
1989,10.9
1989,11.9
1989,12.4
1989,13.2
1989,15.5
1989,21.6
1989,14.9
1989,14.4
1989,12.9
1989,13.1
1989,14.0
1989,17.9
1989,17.7
1989,16.3
1989,18.3
1989,13.7
1989,13.3
1989,10.6
1989,14.1
1989,16.0
1989,16.5
1989,14.1
1989,18.7
1989,16.2
1989,14.8
1989,12.6
1989,10.4
1989,12.2
1989,12.6
1989,12.1
1989,17.3
1989,16.4
1989,12.6
1989,12.3
1989,11.8
1989,12.0
1989,12.7
1989,16.4
1989,16.0
1989,13.3
1989,11.7
1989,10.4
1989,14.4
1989,12.7
1990,14.8
1990,13.3
1990,15.6
1990,14.5
1990,14.3
1990,15.3
1990,16.4
1990,14.8
1990,17.4
1990,18.8
1990,22.1
1990,19.0
1990,15.5
1990,15.8
1990,14.7
1990,10.7
1990,11.5
1990,15.0
1990,14.5
1990,14.5
1990,13.3
1990,14.3
1990,14.3
1990,20.5
1990,15.0
1990,17.1
1990,16.9
1990,16.9
1990,13.6
1990,16.4
1990,16.1
1990,12.0
1990,12.2
1990,14.8
1990,14.8
1990,14.4
1990,12.9
1990,13.4
1990,15.9
1990,16.1
1990,17.6
1990,15.6
1990,15.0
1990,13.0
1990,14.1
1990,17.3
1990,15.7
1990,18.6
1990,12.7
1990,14.0
1990,13.7
1990,16.3
1990,20.0
1990,17.0
1990,15.2
1990,16.5
1990,16.5
1990,17.3
1990,19.1
1990,19.3
1990,17.3
1990,19.0
1990,19.8
1990,19.3
1990,17.2
1990,14.2
1990,10.3
1990,13.0
1990,15.3
1990,15.0
1990,12.1
1990,9.2
1990,11.0
1990,15.0
1990,11.6
1990,11.6
1990,15.1
1990,15.0
1990,13.6
1990,12.5
1990,14.3
1990,16.0
1990,17.4
1990,16.9
1990,18.0
1990,20.6
1990,14.2
1990,10.9
1990,11.9
1990,13.3
1990,15.3
1990,14.7
1990,11.0
1990,12.2
1990,14.2
1990,17.0
1990,15.8
1990,15.2
1990,15.1
1990,14.7
1990,18.5
1990,16.4
1990,18.4
1990,15.1
1990,9.9
1990,10.2
1990,12.6
1990,13.2
1990,11.5
1990,13.8
1990,14.5
1990,14.7
1990,11.2
1990,12.7
1990,13.7
1990,11.5
1990,10.4
1990,8.9
1990,11.1
1990,9.5
1990,13.0
1990,13.9
1990,12.6
1990,14.3
1990,16.0
1990,13.3
1990,7.0
1990,4.9
1990,6.9
1990,13.7
1990,10.6
1990,12.3
1990,11.1
1990,10.2
1990,9.5
1990,8.9
1990,13.4
1990,9.1
1990,9.4
1990,8.7
1990,5.8
1990,4.5
1990,7.2
1990,10.0
1990,10.5
1990,10.7
1990,8.2
1990,6.1
1990,4.5
1990,6.1
1990,9.8
1990,9.7
1990,8.2
1990,8.4
1990,8.5
1990,10.4
1990,6.8
1990,6.0
1990,6.6
1990,7.8
1990,10.3
1990,7.2
1990,7.4
1990,11.4
1990,5.4
1990,4.4
1990,6.4
1990,9.3
1990,7.7
1990,8.1
1990,8.3
1990,9.1
1990,7.7
1990,10.6
1990,8.2
1990,7.9
1990,5.2
1990,5.9
1990,3.7
1990,5.6
1990,9.4
1990,7.4
1990,7.3
1990,7.7
1990,7.7
1990,9.3
1990,4.4
1990,5.7
1990,10.2
1990,10.2
1990,9.3
1990,5.4
1990,5.0
1990,7.6
1990,9.6
1990,10.4
1990,11.2
1990,9.1
1990,11.2
1990,6.8
1990,8.3
1990,9.7
1990,9.6
1990,9.8
1990,10.8
1990,9.2
1990,6.5
1990,8.1
1990,7.3
1990,7.9
1990,6.0
1990,5.0
1990,6.8
1990,9.8
1990,5.7
1990,8.6
1990,10.6
1990,7.8
1990,7.7
1990,8.6
1990,6.5
1990,6.9
1990,6.4
1990,8.5
1990,7.8
1990,9.3
1990,8.4
1990,7.8
1990,7.4
1990,7.7
1990,8.9
1990,9.7
1990,9.9
1990,6.1
1990,6.6
1990,7.6
1990,7.4
1990,8.0
1990,2.1
1990,5.9
1990,11.6
1990,8.6
1990,7.9
1990,6.0
1990,9.5
1990,8.6
1990,7.6
1990,10.4
1990,10.3
1990,7.5
1990,3.0
1990,5.3
1990,10.5
1990,14.6
1990,12.6
1990,9.8
1990,7.2
1990,10.1
1990,10.4
1990,3.7
1990,7.3
1990,11.6
1990,16.3
1990,9.6
1990,6.8
1990,5.2
1990,10.6
1990,16.3
1990,9.8
1990,4.6
1990,11.1
1990,8.7
1990,10.0
1990,11.3
1990,10.5
1990,9.9
1990,11.0
1990,14.0
1990,9.2
1990,9.8
1990,6.0
1990,9.8
1990,9.2
1990,11.8
1990,10.3
1990,7.5
1990,7.7
1990,15.8
1990,14.6
1990,10.5
1990,11.3
1990,10.9
1990,6.4
1990,10.9
1990,9.0
1990,10.9
1990,12.4
1990,11.6
1990,13.3
1990,14.4
1990,18.4
1990,13.6
1990,14.9
1990,14.8
1990,15.4
1990,11.8
1990,13.0
1990,11.1
1990,12.5
1990,18.3
1990,19.2
1990,15.4
1990,13.1
1990,11.5
1990,8.6
1990,12.6
1990,13.8
1990,14.6
1990,13.2
1990,12.3
1990,8.8
1990,10.7
1990,9.9
1990,8.3
1990,15.0
1990,12.2
1990,10.5
1990,11.1
1990,13.0
1990,12.9
1990,8.8
1990,14.7
1990,14.7
1990,12.7
1990,13.3
1990,13.2
1990,16.2
1990,17.3
1990,20.5
1990,20.2
1990,19.4
1990,15.5
1990,14.1
1990,11.0
1990,11.1
1990,14.0
1990,11.4
1990,12.5
1990,13.4
1990,13.6
1990,13.9
1990,17.2
1990,14.7
1990,15.4
1990,13.1
1990,13.2
1990,13.9
1990,10.0
1990,12.9
1990,14.6
1990,14.0
1990,13.6
1990,13.5
1990,15.7
1990,13.0